extrinsic
0.9990 0.0430 0.0108 -0.0000
-0.0425 0.8578 0.5122 -0.0000
0.0127 -0.5121 0.8588 -0.0000
0.0000 0.0000 0.0000 1.0000

intrinsic
670.7245 0.0000 645.2374
0.0000 670.7245 350.6548
0.0000 0.0000 1.0000

0 0