extrinsic
0.9917 -0.1206 -0.0450 0.0000
0.1281 0.8903 0.4370 0.0000
-0.0127 -0.4392 0.8983 0.0000
0.0000 0.0000 0.0000 1.0000

intrinsic
670.1981 0.0000 645.2378
0.0000 670.1981 350.6539
0.0000 0.0000 1.0000

0 0