extrinsic
0.9981 0.0603 0.0119 0.0000
-0.0602 0.9179 0.3922 0.0000
0.0127 -0.3921 0.9198 0.0000
0.0000 0.0000 0.0000 1.0000

intrinsic
670.3450 0.0000 645.2376
0.0000 670.3450 350.6542
0.0000 0.0000 1.0000

0 0