extrinsic
0.9991 -0.0417 -0.0017 0.0000
0.0409 0.9711 0.2350 0.0000
-0.0081 -0.2349 0.9720 0.0000
0.0000 0.0000 0.0000 1.0000

intrinsic
669.7303 0.0000 634.7626
0.0000 669.7303 369.3462
0.0000 0.0000 1.0000

0 0